MEME version 4

ALPHABET= ACGT

strands: + -

Background letter frequencies (from
A 0.29182 C 0.20818 G 0.20818 T 0.29182

MOTIF AHR_si
letter-probability matrix: alength= 4 w= 9 nsites= 154 E= 0
 0.263145  0.118597  0.366413  0.251844
 0.070652  0.077104  0.225146  0.627098
 0.141055  0.285031  0.134495  0.439419
 0.016540  0.008555  0.947421  0.027484
 0.000000  0.976616  0.009696  0.013688
 0.022350  0.005133  0.970235  0.002281
 0.000000  0.022350  0.004563  0.973087
 0.000000  0.000000  1.000000  0.000000
 0.279810  0.434373  0.104962  0.180854

MOTIF AIRE_f2
letter-probability matrix: alength= 4 w= 18 nsites= 41 E= 0
 0.397727  0.261364  0.125000  0.215909
 0.181818  0.181818  0.136364  0.500000
 0.136364  0.136364  0.204545  0.522727
 0.045455  0.000000  0.886364  0.068182
 0.000000  0.000000  0.818182  0.181818
 0.318182  0.045455  0.022727  0.613636
 0.386364  0.090909  0.022727  0.500000
 0.363636  0.136364  0.136364  0.363636
 0.340909  0.068182  0.136364  0.454545
 0.522727  0.090909  0.136364  0.250000
 0.386364  0.045455  0.068182  0.500000
 0.227273  0.136364  0.068182  0.568182
 0.000000  0.022727  0.886364  0.090909
 0.000000  0.000000  0.977273  0.022727
 0.227273  0.090909  0.250000  0.431818
 0.068182  0.181818  0.181818  0.568182
 0.454545  0.022727  0.159091  0.363636
 0.403409  0.267045  0.107955  0.221591

MOTIF ALX1_si
letter-probability matrix: alength= 4 w= 12 nsites= 31 E= 0
 0.436833  0.209075  0.273132  0.080961
 0.064057  0.096085  0.000000  0.839858
 0.772242  0.032028  0.099644  0.096085
 0.868327  0.064057  0.000000  0.067616
 0.000000  0.096085  0.000000  0.903915
 0.032028  0.227758  0.128114  0.612100
 0.483986  0.000000  0.516014  0.000000
 0.355872  0.256228  0.355872  0.032028
 0.775801  0.000000  0.128114  0.096085
 0.099644  0.000000  0.032028  0.868327
 0.064057  0.032028  0.032028  0.871886
 0.829181  0.056940  0.056940  0.056940

MOTIF ANDR_do
letter-probability matrix: alength= 4 w= 16 nsites= 130 E= 0
 0.310296  0.036101  0.560717  0.092886
 0.056212  0.034048  0.909740  0.000000
 0.420177  0.000000  0.232710  0.347112
 0.760226  0.005684  0.094107  0.139982
 0.015790  0.950736  0.027159  0.006316
 0.726294  0.036001  0.107771  0.129934
 0.090002  0.272642  0.385698  0.251658
 0.319496  0.193036  0.329486  0.157982
 0.395803  0.093360  0.310538  0.200299
 0.172999  0.253063  0.051733  0.522206
 0.018000  0.045475  0.925156  0.011369
 0.102260  0.014527  0.095886  0.787327
 0.244710  0.017053  0.289180  0.449057
 0.134355  0.800906  0.019264  0.045475
 0.083944  0.273074  0.056785  0.586196
 0.244021  0.119255  0.191515  0.445209

MOTIF AP2A_f2
letter-probability matrix: alength= 4 w= 9 nsites= 1930 E= 0
 0.015582  0.396064  0.561151  0.027203
 0.006257  0.927819  0.050291  0.015633
 0.013111  0.906438  0.042109  0.038342
 0.033848  0.217045  0.087782  0.661324
 0.000000  0.000000  0.902865  0.097135
 0.425715  0.153777  0.384476  0.036032
 0.075047  0.015491  0.904542  0.004920
 0.019848  0.014785  0.963491  0.001875
 0.065472  0.536622  0.361857  0.036050

MOTIF AP2B_f1
letter-probability matrix: alength= 4 w= 10 nsites= 28 E= 0
 0.039526  0.000000  0.782609  0.177866
 0.000000  0.648221  0.245059  0.106719
 0.000000  0.964427  0.000000  0.035573
 0.114625  0.573123  0.000000  0.312253
 0.075099  0.035573  0.889328  0.000000
 0.328063  0.316206  0.355731  0.000000
 0.071146  0.035573  0.853755  0.039526
 0.000000  0.000000  1.000000  0.000000
 0.190711  0.123518  0.676877  0.008893
 0.222332  0.447628  0.253953  0.076087

MOTIF AP2C_f1
letter-probability matrix: alength= 4 w= 9 nsites= 1599 E= 0
 0.001695  0.381998  0.601066  0.015241
 0.000526  0.983208  0.000409  0.015857
 0.015869  0.980181  0.000138  0.003812
 0.010008  0.238070  0.022214  0.729708
 0.007925  0.000000  0.885965  0.106110
 0.363234  0.206686  0.393107  0.036973
 0.196991  0.000370  0.801884  0.000755
 0.019826  0.000356  0.978383  0.001435
 0.047593  0.558463  0.356838  0.037105

MOTIF AP2D_f1
letter-probability matrix: alength= 4 w= 14 nsites= 5 E= 0
 0.232558  0.488372  0.232558  0.046512
 0.000000  0.000000  1.000000  0.000000
 0.000000  0.627907  0.186047  0.186047
 0.000000  1.000000  0.000000  0.000000
 0.000000  0.604651  0.000000  0.395349
 0.000000  0.000000  1.000000  0.000000
 0.395349  0.232558  0.372093  0.000000
 0.000000  0.000000  1.000000  0.000000
 0.000000  0.000000  1.000000  0.000000
 0.000000  0.813953  0.186047  0.000000
 0.186047  0.232558  0.395349  0.186047
 0.000000  0.813953  0.186047  0.000000
 0.000000  0.186047  0.813953  0.000000
 0.046512  0.232558  0.046512  0.674419

MOTIF ARI3A_do
letter-probability matrix: alength= 4 w= 22 nsites= 44 E= 0
 0.390642  0.096310  0.325828  0.187219
 0.681818  0.090909  0.000000  0.227273
 0.112514  0.000000  0.000000  0.887486
 0.157968  0.000000  0.000000  0.842032
 0.954545  0.045455  0.000000  0.000000
 0.932941  0.067059  0.000000  0.000000
 0.476150  0.000000  0.023850  0.500000
 0.000000  0.409091  0.227273  0.363636
 0.294332  0.181818  0.432941  0.090909
 0.500000  0.045455  0.363636  0.090909
 0.454545  0.045455  0.157968  0.342032
 0.729518  0.000000  0.090909  0.179573
 0.136364  0.045455  0.090909  0.727273
 0.160213  0.569304  0.045455  0.225028
 0.727273  0.000000  0.000000  0.272727
 0.751122  0.045455  0.000000  0.203423
 0.954545  0.000000  0.000000  0.045455
 0.409091  0.000000  0.045455  0.545455
 0.114759  0.136364  0.090909  0.657968
 0.521605  0.136364  0.023850  0.318182
 0.612514  0.069304  0.000000  0.318182
 0.665615  0.005401  0.074706  0.254279

MOTIF ARI3A_f1
letter-probability matrix: alength= 4 w= 7 nsites= 47 E= 0
 0.604917  0.053247  0.245990  0.095845
 1.000000  0.000000  0.000000  0.000000
 0.000000  0.000000  0.000000  1.000000
 0.000000  0.000000  0.000000  1.000000
 1.000000  0.000000  0.000000  0.000000
 1.000000  0.000000  0.000000  0.000000
 0.829608  0.000000  0.000000  0.170392

MOTIF ARI5B_f1
letter-probability matrix: alength= 4 w= 13 nsites= 15 E= 0
 0.216667  0.083333  0.350000  0.350000
 0.133333  0.266667  0.400000  0.200000
 0.000000  0.266667  0.200000  0.533333
 0.000000  0.133333  0.333333  0.533333
 0.333333  0.066667  0.333333  0.266667
 0.200000  0.066667  0.666667  0.066667
 0.000000  0.000000  0.000000  1.000000
 0.866667  0.000000  0.133333  0.000000
 0.000000  0.133333  0.000000  0.866667
 0.000000  0.066667  0.066667  0.866667
 0.133333  0.266667  0.533333  0.066667
 0.133333  0.066667  0.266667  0.533333
 0.250000  0.116667  0.450000  0.183333

MOTIF ARNT2_si
letter-probability matrix: alength= 4 w= 12 nsites= 18 E= 0
 0.193252  0.082822  0.585890  0.138037
 0.165644  0.282209  0.331288  0.220859
 0.000000  0.662577  0.220859  0.116564
 0.000000  0.055215  0.944785  0.000000
 0.000000  0.000000  0.055215  0.944785
 0.000000  0.055215  0.944785  0.000000
 0.055215  0.000000  0.883436  0.061350
 0.165644  0.331288  0.392638  0.110429
 0.558282  0.000000  0.276074  0.165644
 0.000000  0.331288  0.558282  0.110429
 0.392638  0.000000  0.496933  0.110429
 0.138037  0.585890  0.193252  0.082822

MOTIF ARNT_f1
letter-probability matrix: alength= 4 w= 8 nsites= 268 E= 0
 0.102878  0.246461  0.236648  0.414013
 0.047053  0.519386  0.061613  0.371948
 0.543562  0.000000  0.456438  0.000000
 0.000000  1.000000  0.000000  0.000000
 0.000000  0.000000  1.000000  0.000000
 0.000000  0.000000  0.000000  1.000000
 0.000000  0.000000  1.000000  0.000000
 0.187799  0.553092  0.053383  0.205726

MOTIF ATF1_si
letter-probability matrix: alength= 4 w= 10 nsites= 34 E= 0
 0.306298  0.340649  0.340649  0.012405
 0.000000  0.000000  0.000000  1.000000
 0.000000  0.000000  1.000000  0.000000
 1.000000  0.000000  0.000000  0.000000
 0.000000  0.969466  0.030534  0.000000
 0.030534  0.000000  0.969466  0.000000
 0.019084  0.070611  0.000000  0.910305
 0.082061  0.562977  0.263359  0.091603
 0.742366  0.156489  0.062977  0.038168
 0.193702  0.392176  0.296756  0.117366

MOTIF ATF2+ATF4_f1
letter-probability matrix: alength= 4 w= 9 nsites= 90 E= 0
 0.291379  0.241724  0.368621  0.098276
 0.000000  0.000000  0.000000  1.000000
 0.000000  0.023448  0.951724  0.024828
 1.000000  0.000000  0.000000  0.000000
 0.011034  0.771034  0.078621  0.139310
 0.000000  0.031724  0.924138  0.044138
 0.053793  0.093793  0.024828  0.827586
 0.314483  0.517931  0.080000  0.087586
 0.785862  0.089310  0.065862  0.058966

MOTIF ATF3_f1
letter-probability matrix: alength= 4 w= 9 nsites= 2036 E= 0
 0.222585  0.211929  0.432843  0.132643
 0.007122  0.004400  0.006012  0.982466
 0.001471  0.008825  0.987634  0.002071
 0.968500  0.007290  0.004516  0.019695
 0.006464  0.647985  0.067593  0.277959
 0.026542  0.063561  0.550505  0.359393
 0.053728  0.502834  0.012799  0.430640
 0.333978  0.438309  0.126978  0.100734
 0.559788  0.125720  0.158724  0.155768

MOTIF ATF5_si
letter-probability matrix: alength= 4 w= 12 nsites= 33 E= 0
 0.243443  0.059836  0.095902  0.600820
 0.885246  0.026230  0.029508  0.059016
 0.914754  0.000000  0.000000  0.085246
 0.000000  0.000000  0.940984  0.059016
 0.029508  0.000000  0.970492  0.000000
 0.504918  0.026230  0.383607  0.085246
 0.852459  0.029508  0.029508  0.088525
 0.026230  0.026230  0.947541  0.000000
 1.000000  0.000000  0.000000  0.000000
 0.436066  0.118033  0.416393  0.029508
 0.203279  0.029508  0.619672  0.147541
 0.163115  0.133607  0.428689  0.274590

MOTIF ATF6A_si
letter-probability matrix: alength= 4 w= 12 nsites= 20 E= 0
 0.184615  0.184615  0.584615  0.046154
 0.000000  0.215385  0.323077  0.461538
 0.000000  0.261538  0.600000  0.138462
 0.092308  0.400000  0.461538  0.046154
 0.000000  0.030769  0.000000  0.969231
 0.000000  0.046154  0.953846  0.000000
 0.923077  0.046154  0.000000  0.030769
 0.000000  1.000000  0.000000  0.000000
 0.000000  0.000000  1.000000  0.000000
 0.000000  0.000000  0.000000  1.000000
 0.000000  0.092308  0.907692  0.000000
 0.092308  0.000000  0.907692  0.000000

MOTIF BACH1_si
letter-probability matrix: alength= 4 w= 14 nsites= 8 E= 0
 0.136986  0.246575  0.000000  0.616438
 0.109589  0.000000  0.890411  0.000000
 0.000000  1.000000  0.000000  0.000000
 0.000000  0.109589  0.000000  0.890411
 0.000000  0.000000  1.000000  0.000000
 0.890411  0.000000  0.000000  0.109589
 0.000000  0.246575  0.753425  0.000000
 0.000000  0.000000  0.000000  1.000000
 0.000000  1.000000  0.000000  0.000000
 1.000000  0.000000  0.000000  0.000000
 0.136986  0.383562  0.000000  0.479452
 0.109589  0.000000  0.753425  0.136986
 0.000000  0.260274  0.630137  0.109589
 0.000000  0.000000  0.000000  1.000000

MOTIF BARX2_si
letter-probability matrix: alength= 4 w= 10 nsites= 14 E= 0
 0.141732  0.141732  0.070866  0.645669
 0.000000  0.433071  0.141732  0.425197
 0.425197  0.141732  0.291339  0.141732
 0.283465  0.149606  0.000000  0.566929
 0.000000  0.000000  0.000000  1.000000
 0.929134  0.000000  0.070866  0.000000
 1.000000  0.000000  0.000000  0.000000
 0.000000  0.000000  0.000000  1.000000
 0.000000  0.070866  0.433071  0.496063
 0.354331  0.000000  0.503937  0.141732

MOTIF BATF_si
letter-probability matrix: alength= 4 w= 10 nsites= 1878 E= 0
 0.411651  0.303905  0.143359  0.141085
 0.049164  0.000000  0.010356  0.940480
 0.000000  0.034680  0.872813  0.092506
 0.958082  0.000000  0.003596  0.038321
 0.000000  0.000000  0.937361  0.062639
 0.000530  0.011034  0.035116  0.953319
 0.088098  0.909382  0.002520  0.000000
 0.993133  0.000000  0.000000  0.006867
 0.123012  0.142006  0.261888  0.473095
 0.387482  0.189535  0.092862  0.330121

MOTIF BCL6_f1
letter-probability matrix: alength= 4 w= 16 nsites= 33 E= 0
 0.382166  0.143312  0.226115  0.248408
 0.519108  0.057325  0.168790  0.254777
 0.426752  0.079618  0.292994  0.200637
 0.373408  0.064490  0.261943  0.300159
 0.254777  0.057325  0.484076  0.203822
 0.154459  0.558917  0.103503  0.183121
 0.286624  0.085987  0.031847  0.595541
 0.121815  0.035828  0.007166  0.835191
 0.093153  0.035828  0.007166  0.863854
 0.000000  0.942675  0.028662  0.028662
 0.121815  0.265127  0.121815  0.491242
 0.592357  0.000000  0.057325  0.350318
 0.226115  0.114650  0.659236  0.000000
 0.114650  0.000000  0.764331  0.121019
 0.717357  0.035828  0.207803  0.039013
 0.603503  0.042994  0.164013  0.189490

MOTIF BHE40_f2
letter-probability matrix: alength= 4 w= 9 nsites= 2037 E= 0
 0.109758  0.005546  0.589017  0.295680
 0.082820  0.915872  0.000668  0.000640
 0.979574  0.020426  0.000000  0.000000
 0.001593  0.944118  0.033587  0.020702
 0.050296  0.002056  0.946125  0.001523
 0.045139  0.026943  0.011684  0.916234
 0.000000  0.000000  1.000000  0.000000
 0.686164  0.148583  0.085014  0.080240
 0.074632  0.510952  0.302574  0.111841

MOTIF BHE41_f1
letter-probability matrix: alength= 4 w= 20 nsites= 10 E= 0
 0.384021  0.074742  0.167526  0.373711
 0.000000  0.587629  0.412371  0.000000
 0.298969  0.309278  0.298969  0.092784
 0.402062  0.103093  0.494845  0.000000
 0.103093  0.103093  0.412371  0.381443
 0.000000  0.402062  0.494845  0.103093
 0.000000  0.494845  0.000000  0.505155
 0.000000  1.000000  0.000000  0.000000
 0.711340  0.000000  0.195876  0.092784
 0.206186  0.597938  0.092784  0.103093
 0.000000  0.103093  0.804124  0.092784
 0.000000  0.000000  0.000000  1.000000
 0.000000  0.000000  1.000000  0.000000
 0.309278  0.597938  0.092784  0.000000
 0.412371  0.195876  0.103093  0.288660
 0.000000  0.092784  0.711340  0.195876
 0.494845  0.195876  0.309278  0.000000
 0.402062  0.092784  0.402062  0.103093
 0.309278  0.103093  0.587629  0.000000
 0.231959  0.324742  0.324742  0.118557

MOTIF BMAL1_f1
letter-probability matrix: alength= 4 w= 14 nsites= 15 E= 0
 0.157692  0.126923  0.296154  0.419231
 0.038462  0.000000  0.892308  0.069231
 0.315385  0.146154  0.469231  0.069231
 0.607692  0.000000  0.146154  0.246154
 0.000000  0.961538  0.000000  0.038462
 1.000000  0.000000  0.000000  0.000000
 0.000000  1.000000  0.000000  0.000000
 0.000000  0.000000  1.000000  0.000000
 0.000000  0.000000  0.000000  1.000000
 0.000000  0.000000  1.000000  0.000000
 0.746154  0.000000  0.253846  0.000000
 0.076923  0.776923  0.076923  0.069231
 0.138462  0.461538  0.076923  0.323077
 0.076923  0.669231  0.253846  0.000000

MOTIF BPTF_si
letter-probability matrix: alength= 4 w= 12 nsites= 21 E= 0
 0.095238  0.095238  0.380952  0.428571
 0.047619  0.000000  0.380952  0.571429
 0.095238  0.047619  0.190476  0.666667
 0.142857  0.238095  0.333333  0.285714
 0.047619  0.000000  0.000000  0.952381
 0.000000  0.000000  0.047619  0.952381
 0.000000  0.000000  0.761905  0.238095
 0.047619  0.142857  0.000000  0.809524
 0.047619  0.000000  0.476190  0.476190
 0.047619  0.095238  0.333333  0.523810
 0.142857  0.142857  0.285714  0.428571
 0.190476  0.428571  0.285714  0.095238

MOTIF BRAC_si
letter-probability matrix: alength= 4 w= 25 nsites= 26 E= 0
 0.490385  0.105769  0.336538  0.067308
 0.153846  0.500000  0.307692  0.038462
 0.807692  0.038462  0.038462  0.115385
 0.346154  0.038462  0.038462  0.576923
 0.576923  0.000000  0.000000  0.423077
 0.307692  0.000000  0.653846  0.038462
 0.000000  0.000000  0.000000  1.000000
 0.115385  0.192308  0.692308  0.000000
 1.000000  0.000000  0.000000  0.000000
 0.000000  1.000000  0.000000  0.000000
 1.000000  0.000000  0.000000  0.000000
 0.000000  0.961538  0.000000  0.038462
 0.000000  0.923077  0.038462  0.038462
 0.000000  0.000000  0.000000  1.000000
 1.000000  0.000000  0.000000  0.000000
 0.000000  0.076923  0.923077  0.000000
 0.000000  0.038462  0.961538  0.000000
 0.000000  0.038462  0.000000  0.961538
 0.000000  0.000000  1.000000  0.000000
 0.038462  0.038462  0.000000  0.923077
 0.000000  0.269231  0.653846  0.076923
 0.961538  0.000000  0.000000  0.038462
 0.846154  0.076923  0.038462  0.038462
 0.846154  0.000000  0.115385  0.038462
 0.250000  0.096154  0.096154  0.557692

MOTIF BRCA1_f1
letter-probability matrix: alength= 4 w= 9 nsites= 73 E= 0
 0.144038  0.197200  0.290470  0.368291
 0.189476  0.000000  0.275493  0.535030
 0.028032  0.125181  0.153213  0.693574
 0.056063  0.344611  0.481868  0.117457
 0.028032  0.149840  0.450936  0.371192
 0.000000  0.000000  0.870467  0.129533
 0.000000  0.028032  0.000000  0.971968
 0.000000  0.000000  0.000000  1.000000
 0.063071  0.073225  0.828664  0.035040

MOTIF CDC5L_si
letter-probability matrix: alength= 4 w= 15 nsites= 10 E= 0
 0.150000  0.150000  0.650000  0.050000
 0.000000  0.200000  0.400000  0.400000
 0.200000  0.000000  0.800000  0.000000
 0.500000  0.100000  0.100000  0.300000
 0.000000  0.100000  0.300000  0.600000
 0.200000  0.000000  0.200000  0.600000
 0.100000  0.000000  0.000000  0.900000
 0.900000  0.000000  0.100000  0.000000
 0.800000  0.000000  0.000000  0.200000
 0.100000  0.600000  0.000000  0.300000
 0.600000  0.000000  0.300000  0.100000
 0.200000  0.100000  0.000000  0.700000
 0.800000  0.100000  0.100000  0.000000
 0.600000  0.000000  0.100000  0.300000
 0.075000  0.275000  0.175000  0.475000

MOTIF CDX1_f1
letter-probability matrix: alength= 4 w= 8 nsites= 30 E= 0
 0.465950  0.243728  0.048387  0.241935
 0.032258  0.000000  0.096774  0.870968
 0.032258  0.000000  0.032258  0.935484
 0.064516  0.053763  0.129032  0.752688
 0.806452  0.000000  0.161290  0.032258
 0.247312  0.093190  0.032258  0.627240
 0.206093  0.000000  0.793907  0.000000
 0.199821  0.099462  0.339606  0.361111

MOTIF CDX2_f1
letter-probability matrix: alength= 4 w= 8 nsites= 36 E= 0
 0.481013  0.028481  0.069620  0.420886
 0.060127  0.000000  0.000000  0.939873
 0.000000  0.000000  0.028481  0.971519
 0.085443  0.000000  0.000000  0.914557
 0.971519  0.000000  0.028481  0.000000
 0.000000  0.303797  0.063291  0.632911
 0.357595  0.025316  0.430380  0.186709
 0.299051  0.058544  0.425633  0.216772

MOTIF CEBPA_do
letter-probability matrix: alength= 4 w= 10 nsites= 330 E= 0
 0.355315  0.242523  0.281081  0.121081
 0.072072  0.077477  0.078198  0.772252
 0.074234  0.025946  0.292613  0.607207
 0.311171  0.060360  0.390090  0.238378
 0.206667  0.098198  0.239820  0.455315
 0.002883  0.065946  0.921081  0.010090
 0.230811  0.588468  0.005766  0.174955
 0.965135  0.026757  0.000450  0.007658
 0.977658  0.003243  0.012613  0.006486
 0.095586  0.198288  0.164234  0.541892

MOTIF CEBPB_f1
letter-probability matrix: alength= 4 w= 10 nsites= 1316 E= 0
 0.384102  0.157688  0.420268  0.037942
 0.007462  0.008274  0.001463  0.982801
 0.009100  0.001884  0.368769  0.620246
 0.317844  0.014308  0.463874  0.203974
 0.139020  0.230627  0.141944  0.488409
 0.004205  0.009069  0.983380  0.003346
 0.120901  0.792728  0.009786  0.076585
 0.984109  0.012509  0.000000  0.003381
 0.992484  0.003818  0.003698  0.000000
 0.055155  0.271275  0.164071  0.509499

MOTIF CEBPD_f1
letter-probability matrix: alength= 4 w= 11 nsites= 77 E= 0
 0.388591  0.140505  0.327335  0.143568
 0.457121  0.164625  0.318530  0.059724
 0.000000  0.000000  0.049005  0.950995
 0.042879  0.012251  0.321593  0.623277
 0.361792  0.037136  0.389357  0.211715
 0.125574  0.313936  0.225115  0.335375
 0.057044  0.078484  0.848775  0.015697
 0.243874  0.596095  0.014165  0.145865
 0.982389  0.003828  0.013783  0.000000
 0.963247  0.000000  0.036753  0.000000
 0.135911  0.071593  0.189510  0.602986

MOTIF CEBPE_f1
letter-probability matrix: alength= 4 w= 12 nsites= 812 E= 0
 0.112268  0.107019  0.201585  0.579128
 0.000000  0.000000  0.099220  0.900780
 0.227291  0.000000  0.465522  0.307188
 0.047403  0.570579  0.218067  0.163951
 0.085931  0.000000  0.914069  0.000000
 0.320886  0.445762  0.000680  0.232672
 0.847065  0.151397  0.001538  0.000000
 1.000000  0.000000  0.000000  0.000000
 0.000000  0.149693  0.010732  0.839574
 0.264576  0.485680  0.040721  0.209023
 0.212984  0.070322  0.180687  0.536007
 0.112919  0.311450  0.205292  0.370339

MOTIF CEBPG_si
letter-probability matrix: alength= 4 w= 13 nsites= 22 E= 0
 0.600000  0.177143  0.148571  0.074286
 0.000000  0.000000  0.000000  1.000000
 0.000000  0.045714  0.262857  0.691429
 0.201429  0.007143  0.390000  0.401429
 0.125714  0.160000  0.222857  0.491429
 0.000000  0.160000  0.840000  0.000000
 0.120000  0.671429  0.000000  0.208571
 1.000000  0.000000  0.000000  0.000000
 1.000000  0.000000  0.000000  0.000000
 0.000000  0.165714  0.028571  0.805714
 0.122857  0.514286  0.237143  0.125714
 0.092857  0.087143  0.218571  0.601429
 0.097143  0.240000  0.365714  0.297143

MOTIF CEBPZ_si
letter-probability matrix: alength= 4 w= 11 nsites= 26 E= 0
 0.313802  0.032552  0.345052  0.308594
 0.000000  0.687500  0.223958  0.088542
 0.026042  0.218750  0.000000  0.755208
 0.000000  0.364583  0.567708  0.067708
 1.000000  0.000000  0.000000  0.000000
 0.000000  0.000000  0.000000  1.000000
 0.000000  0.000000  0.000000  1.000000
 0.000000  0.000000  1.000000  0.000000
 0.000000  0.000000  1.000000  0.000000
 0.026042  0.796875  0.000000  0.177083
 0.006510  0.131510  0.032552  0.829427

MOTIF COE1_f2
letter-probability matrix: alength= 4 w= 12 nsites= 1805 E= 0
 0.101105  0.300932  0.319531  0.278432
 0.039285  0.206861  0.071718  0.682136
 0.000854  0.997085  0.001762  0.000298
 0.004368  0.890784  0.007318  0.097530
 0.001140  0.956188  0.000842  0.041830
 0.211084  0.002597  0.049021  0.737298
 0.072025  0.008657  0.691434  0.227884
 0.059224  0.019666  0.920229  0.000881
 0.240002  0.000000  0.733436  0.026562
 0.000274  0.000269  0.999457  0.000000
 0.535354  0.080665  0.244457  0.139523
 0.233501  0.408381  0.258860  0.099258

MOTIF COT1_f1
letter-probability matrix: alength= 4 w= 12 nsites= 82 E= 0
 0.085178  0.117375  0.712779  0.084667
 0.092844  0.075469  0.489774  0.341914
 0.111409  0.229472  0.246681  0.412438
 0.102210  0.699836  0.062348  0.135606
 0.758951  0.075635  0.045994  0.119419
 0.609381  0.052127  0.255702  0.082790
 0.725045  0.000000  0.264734  0.010221
 0.017376  0.000000  0.982624  0.000000
 0.019420  0.044972  0.651954  0.283654
 0.038840  0.078535  0.028619  0.854007
 0.009199  0.866783  0.066947  0.057071
 0.815589  0.100088  0.045228  0.039095

MOTIF COT1_si
letter-probability matrix: alength= 4 w= 9 nsites= 83 E= 0
 0.097077  0.636930  0.086040  0.179953
 0.685894  0.107863  0.097328  0.108915
 0.656747  0.050169  0.211810  0.081274
 0.803693  0.000000  0.196307  0.000000
 0.009030  0.000000  0.990970  0.000000
 0.000000  0.000000  0.761404  0.238596
 0.009030  0.085838  0.028095  0.877037
 0.010034  0.909145  0.009030  0.071790
 0.849145  0.085134  0.045403  0.020318

MOTIF COT2_f1
letter-probability matrix: alength= 4 w= 10 nsites= 77 E= 0
 0.159970  0.642113  0.087054  0.110863
 0.607887  0.123512  0.107143  0.161458
 0.597470  0.075893  0.281994  0.044643
 0.767857  0.000000  0.202381  0.029762
 0.000000  0.000000  1.000000  0.000000
 0.011905  0.000000  0.837054  0.151042
 0.013393  0.000000  0.007440  0.979167
 0.013393  0.921131  0.026786  0.038690
 0.909226  0.050595  0.040179  0.000000
 0.479911  0.100446  0.286458  0.133185

MOTIF COT2_f2
letter-probability matrix: alength= 4 w= 15 nsites= 79 E= 0
 0.405572  0.213821  0.292692  0.087916
 0.555716  0.011577  0.264834  0.167873
 0.091172  0.027496  0.793054  0.088278
 0.063676  0.013025  0.709841  0.213459
 0.094067  0.124457  0.208394  0.573082
 0.000000  0.914616  0.057887  0.027496
 0.908828  0.052098  0.000000  0.039074
 0.544139  0.094067  0.260492  0.101302
 0.547757  0.039074  0.278582  0.134588
 0.182344  0.000000  0.751085  0.066570
 0.146165  0.068017  0.655572  0.130246
 0.091534  0.111071  0.211650  0.585745
 0.065123  0.616498  0.118669  0.199711
 0.580318  0.133140  0.199711  0.086831
 0.424023  0.237337  0.188133  0.150507

MOTIF CREB1_f1
letter-probability matrix: alength= 4 w= 9 nsites= 286 E= 0
 0.241435  0.200608  0.465143  0.092814
 0.000000  0.002764  0.002150  0.995086
 0.002457  0.000000  0.982188  0.015355
 0.992015  0.002457  0.005528  0.000000
 0.000000  0.881082  0.067017  0.051901
 0.018119  0.007063  0.962226  0.012591
 0.048216  0.258018  0.021190  0.672575
 0.277913  0.522707  0.138573  0.060807
 0.578687  0.125828  0.153467  0.142018

MOTIF CREM_f1
letter-probability matrix: alength= 4 w= 11 nsites= 30 E= 0
 0.024590  0.032787  0.102459  0.840164
 0.040984  0.225410  0.704918  0.028689
 0.860656  0.000000  0.032787  0.106557
 0.000000  0.782787  0.000000  0.217213
 0.000000  0.065574  0.901639  0.032787
 0.000000  0.000000  0.036885  0.963115
 0.000000  0.967213  0.000000  0.032787
 1.000000  0.000000  0.000000  0.000000
 0.073770  0.262295  0.405738  0.258197
 0.000000  0.327869  0.209016  0.463115
 0.128074  0.259221  0.570697  0.042008

MOTIF CRX_si
letter-probability matrix: alength= 4 w= 8 nsites= 52 E= 0
 0.246926  0.251025  0.398566  0.103484
 0.272541  0.018443  0.475410  0.233607
 0.116803  0.020492  0.842213  0.020492
 0.741803  0.217213  0.000000  0.040984
 0.040984  0.000000  0.000000  0.959016
 0.040984  0.020492  0.000000  0.938525
 0.959016  0.020492  0.020492  0.000000
 0.391906  0.053791  0.439037  0.115266

MOTIF CTCF_f2
letter-probability matrix: alength= 4 w= 19 nsites= 2861 E= 0
 0.098052  0.311079  0.146933  0.443936
 0.162331  0.162329  0.443265  0.232074
 0.240415  0.080750  0.534475  0.144360
 0.059660  0.850641  0.040247  0.049452
 0.008224  0.960677  0.012087  0.019013
 0.672368  0.032413  0.187935  0.107284
 0.040474  0.586412  0.358120  0.014995
 0.123993  0.455661  0.134610  0.285736
 0.834338  0.061892  0.050030  0.053740
 0.002839  0.003870  0.979328  0.013964
 0.337985  0.005753  0.652250  0.004013
 0.055177  0.037635  0.568115  0.339073
 0.013522  0.000208  0.974372  0.011898
 0.041300  0.021943  0.877859  0.058898
 0.103615  0.823833  0.014343  0.058209
 0.450847  0.014510  0.515615  0.019028
 0.062362  0.505316  0.394932  0.037391
 0.139532  0.350322  0.108914  0.401231
 0.395647  0.242246  0.310731  0.051376

MOTIF CUX1_f1
letter-probability matrix: alength= 4 w= 14 nsites= 97 E= 0
 0.469340  0.141509  0.320755  0.068396
 0.125000  0.201651  0.376179  0.297170
 0.312500  0.139151  0.515330  0.033019
 0.198408  0.243219  0.453125  0.105248
 0.157134  0.285672  0.319870  0.237323
 0.271226  0.073113  0.351415  0.304245
 0.946934  0.010613  0.031840  0.010613
 0.010613  0.023585  0.000000  0.965802
 0.000000  0.675118  0.042453  0.282429
 0.134434  0.042453  0.759434  0.063679
 0.688679  0.000000  0.268868  0.042453
 0.011792  0.022406  0.000000  0.965802
 0.070755  0.259434  0.507075  0.162736
 0.127948  0.183373  0.389741  0.298939

MOTIF CXXC1_si
letter-probability matrix: alength= 4 w= 7 nsites= 58 E= 0
 0.086603  0.740190  0.009623  0.163584
 0.000000  0.000000  0.948679  0.051321
 0.070472  0.096132  0.301227  0.532169
 0.000000  0.000000  0.147453  0.852547
 0.089811  0.012830  0.627926  0.269433
 0.051321  0.012830  0.486795  0.449055
 0.153962  0.538115  0.038490  0.269433

MOTIF DBP_si
letter-probability matrix: alength= 4 w= 11 nsites= 25 E= 0
 0.312821  0.230769  0.430769  0.025641
 0.071795  0.000000  0.046154  0.882051
 0.092308  0.046154  0.097436  0.764103
 0.641026  0.076923  0.164103  0.117949
 0.025641  0.130769  0.092308  0.751282
 0.092308  0.000000  0.856410  0.051282
 0.000000  0.456410  0.000000  0.543590
 0.902564  0.051282  0.000000  0.046154
 0.953846  0.000000  0.000000  0.046154
 0.089744  0.330769  0.258974  0.320513
 0.394872  0.246154  0.184615  0.174359

MOTIF DDIT3_f1
letter-probability matrix: alength= 4 w= 13 nsites= 41 E= 0
 0.214265  0.087579  0.665890  0.032266
 0.208895  0.172020  0.619084  0.000000
 0.195019  0.165939  0.565292  0.073751
 0.055313  0.073751  0.612810  0.258127
 0.839479  0.000000  0.110626  0.049895
 0.000000  0.018438  0.018438  0.963125
 0.000000  0.000000  0.000000  1.000000
 0.018438  0.000000  0.907812  0.073751
 0.000000  0.870273  0.129727  0.000000
 0.901730  0.000000  0.098270  0.000000
 0.135145  0.276564  0.195019  0.393272
 0.129063  0.239689  0.218874  0.412373
 0.110626  0.311063  0.258790  0.319521

MOTIF DLX2_f1
letter-probability matrix: alength= 4 w= 8 nsites= 5 E= 0
 0.843023  0.052326  0.052326  0.052326
 0.000000  0.000000  0.000000  1.000000
 1.000000  0.000000  0.000000  0.000000
 0.790698  0.000000  0.209302  0.000000
 0.000000  0.000000  0.000000  1.000000
 0.000000  0.000000  0.000000  1.000000
 0.651163  0.000000  0.348837  0.000000
 0.052326  0.261628  0.261628  0.424419

MOTIF DLX3_do
letter-probability matrix: alength= 4 w= 10 nsites= 34 E= 0
 0.173081  0.128195  0.660300  0.038423
 0.412500  0.404261  0.183239  0.000000
 0.000000  0.022443  0.000000  0.977557
 0.977557  0.000000  0.022443  0.000000
 1.000000  0.000000  0.000000  0.000000
 0.000000  0.000000  0.000000  1.000000
 0.000000  0.000000  0.044886  0.955114
 0.542326  0.000000  0.364207  0.093467
 0.160796  0.516476  0.277842  0.044886
 0.446092  0.154334  0.102345  0.297229

MOTIF E2F1_f2
letter-probability matrix: alength= 4 w= 14 nsites= 2135 E= 0
 0.378830  0.160578  0.235875  0.224717
 0.343078  0.098585  0.328736  0.229602
 0.304672  0.163690  0.211888  0.319751
 0.248180  0.072753  0.257336  0.421731
 0.093216  0.067327  0.829162  0.010296
 0.009237  0.053307  0.930301  0.007155
 0.068570  0.902851  0.015552  0.013028
 0.051364  0.009253  0.889319  0.050064
 0.048445  0.370216  0.566904  0.014436
 0.069689  0.141783  0.774131  0.014397
 0.780642  0.070289  0.135234  0.013835
 0.712906  0.038791  0.215228  0.033075
 0.601780  0.085795  0.262830  0.049595
 0.318201  0.221888  0.316623  0.143288

MOTIF E2F2_f1
letter-probability matrix: alength= 4 w= 10 nsites= 8 E= 0
 0.155303  0.140152  0.685606  0.018939
 0.000000  0.000000  1.000000  0.000000
 0.000000  0.787879  0.212121  0.000000
 0.000000  0.000000  1.000000  0.000000
 0.000000  0.787879  0.136364  0.075758
 0.000000  0.037879  0.962121  0.000000
 0.666667  0.196970  0.136364  0.000000
 0.878788  0.121212  0.000000  0.000000
 0.666667  0.000000  0.075758  0.257576
 0.041667  0.738636  0.041667  0.178030

MOTIF E2F3_si
letter-probability matrix: alength= 4 w= 10 nsites= 12 E= 0
 0.104592  0.563776  0.318878  0.012755
 0.000000  0.469388  0.530612  0.000000
 0.000000  1.000000  0.000000  0.000000
 0.000000  0.000000  0.948980  0.051020
 0.000000  1.000000  0.000000  0.000000
 0.000000  0.362245  0.637755  0.000000
 0.693878  0.132653  0.173469  0.000000
 0.785714  0.214286  0.000000  0.000000
 0.755102  0.000000  0.163265  0.081633
 0.181122  0.548469  0.089286  0.181122

MOTIF E2F4_do
letter-probability matrix: alength= 4 w= 14 nsites= 2075 E= 0
 0.334403  0.182647  0.211058  0.271892
 0.311999  0.140424  0.242851  0.304726
 0.286563  0.094436  0.208116  0.410885
 0.170880  0.070537  0.289229  0.469354
 0.050635  0.188056  0.752261  0.009048
 0.038269  0.013624  0.934086  0.014021
 0.040172  0.926549  0.005045  0.028234
 0.013469  0.010547  0.912329  0.063656
 0.007750  0.338648  0.648882  0.004720
 0.023682  0.077373  0.886387  0.012557
 0.916132  0.024952  0.044194  0.014722
 0.836112  0.010291  0.142295  0.011302
 0.633716  0.068138  0.181627  0.116518
 0.310278  0.196455  0.261771  0.231496

MOTIF E2F5_do
letter-probability matrix: alength= 4 w= 10 nsites= 12 E= 0
 0.134298  0.398760  0.332645  0.134298
 0.000000  0.107438  0.892562  0.000000
 0.000000  1.000000  0.000000  0.000000
 0.000000  0.000000  1.000000  0.000000
 0.000000  0.851240  0.148760  0.000000
 0.000000  0.533058  0.466942  0.000000
 1.000000  0.000000  0.000000  0.000000
 1.000000  0.000000  0.000000  0.000000
 1.000000  0.000000  0.000000  0.000000
 0.266529  0.398760  0.134298  0.200413

MOTIF E2F6_f1
letter-probability matrix: alength= 4 w= 12 nsites= 1864 E= 0
 0.221259  0.168228  0.296425  0.314089
 0.201790  0.064249  0.460562  0.273399
 0.147722  0.118017  0.719488  0.014774
 0.025414  0.028243  0.940110  0.006233
 0.115871  0.857663  0.002233  0.024233
 0.057878  0.028936  0.889192  0.023994
 0.008582  0.064875  0.918483  0.008059
 0.010282  0.009683  0.969688  0.010347
 0.808149  0.003151  0.186700  0.001999
 0.582812  0.052133  0.358988  0.006067
 0.259760  0.170811  0.519152  0.050277
 0.186310  0.222715  0.483293  0.107682

MOTIF E2F7_f1
letter-probability matrix: alength= 4 w= 13 nsites= 5 E= 0
 0.450000  0.050000  0.050000  0.450000
 0.600000  0.000000  0.000000  0.400000
 0.400000  0.000000  0.400000  0.200000
 0.200000  0.000000  0.800000  0.000000
 0.000000  0.000000  1.000000  0.000000
 0.000000  1.000000  0.000000  0.000000
 0.000000  0.000000  1.000000  0.000000
 0.000000  0.800000  0.200000  0.000000
 0.000000  0.000000  1.000000  0.000000
 1.000000  0.000000  0.000000  0.000000
 1.000000  0.000000  0.000000  0.000000
 1.000000  0.000000  0.000000  0.000000
 0.350000  0.350000  0.150000  0.150000

MOTIF E4F1_f1
letter-probability matrix: alength= 4 w= 9 nsites= 9 E= 0
 0.168919  0.425676  0.168919  0.236486
 0.067568  0.000000  0.810811  0.121622
 0.000000  0.000000  0.000000  1.000000
 0.000000  0.000000  0.527027  0.472973
 1.000000  0.000000  0.000000  0.000000
 0.000000  1.000000  0.000000  0.000000
 0.000000  0.000000  1.000000  0.000000
 0.135135  0.000000  0.000000  0.864865
 0.185811  0.577703  0.118243  0.118243

MOTIF EGR1_f2
letter-probability matrix: alength= 4 w= 11 nsites= 1887 E= 0
 0.151507  0.188540  0.318456  0.341497
 0.044003  0.060249  0.882770  0.012978
 0.059981  0.828280  0.018626  0.093113
 0.003619  0.000990  0.993548  0.001843
 0.009280  0.013382  0.490700  0.486638
 0.075895  0.019316  0.902153  0.002636
 0.025493  0.065801  0.901107  0.007599
 0.011937  0.010275  0.977788  0.000000
 0.089108  0.748436  0.006947  0.155509
 0.021612  0.007249  0.955651  0.015488
 0.090591  0.064866  0.609539  0.235004

MOTIF EGR2_si
letter-probability matrix: alength= 4 w= 11 nsites= 21 E= 0
 0.250000  0.127778  0.377778  0.244444
 0.050000  0.000000  0.950000  0.000000
 0.238889  0.416667  0.205556  0.138889
 0.000000  0.000000  1.000000  0.000000
 0.050000  0.027778  0.288889  0.633333
 0.000000  0.000000  1.000000  0.000000
 0.000000  0.000000  1.000000  0.000000
 0.000000  0.000000  1.000000  0.000000
 0.050000  0.716667  0.000000  0.233333
 0.000000  0.000000  0.855556  0.144444
 0.136111  0.036111  0.652778  0.175000

MOTIF EGR3_f1
letter-probability matrix: alength= 4 w= 11 nsites= 8 E= 0
 0.568841  0.018116  0.018116  0.394928
 0.260870  0.000000  0.594203  0.144928
 0.637681  0.217391  0.000000  0.144928
 0.115942  0.000000  0.884058  0.000000
 0.000000  0.036232  0.181159  0.782609
 0.000000  0.000000  1.000000  0.000000
 0.000000  0.000000  0.884058  0.115942
 0.000000  0.000000  1.000000  0.000000
 0.000000  0.478261  0.000000  0.521739
 0.000000  0.000000  0.884058  0.115942
 0.018116  0.163043  0.163043  0.655797

MOTIF EGR4_f1
letter-probability matrix: alength= 4 w= 11 nsites= 6 E= 0
 0.020961  0.020961  0.937117  0.020961
 0.000000  0.000000  1.000000  0.000000
 0.000000  0.513706  0.335375  0.150919
 0.000000  0.000000  1.000000  0.000000
 0.000000  0.000000  1.000000  0.000000
 0.000000  0.597550  0.083844  0.318607
 0.580781  0.000000  0.419219  0.000000
 0.000000  0.000000  0.849081  0.150919
 0.000000  0.083844  0.916156  0.000000
 0.000000  0.000000  1.000000  0.000000
 0.268300  0.530474  0.100613  0.100613

MOTIF EHF_si
letter-probability matrix: alength= 4 w= 13 nsites= 400 E= 0
 0.400823  0.273791  0.157927  0.167459
 0.533459  0.092641  0.040376  0.333523
 0.769239  0.000000  0.213614  0.017147
 0.176581  0.582306  0.231472  0.009641
 0.273934  0.726066  0.000000  0.000000
 0.422342  0.577658  0.000000  0.000000
 0.000000  0.000000  1.000000  0.000000
 0.000000  0.000000  0.939930  0.060070
 1.000000  0.000000  0.000000  0.000000
 1.000000  0.000000  0.000000  0.000000
 0.326790  0.008609  0.652549  0.012052
 0.007713  0.016322  0.153544  0.822421
 0.587872  0.057491  0.265308  0.089329

MOTIF ELF1_f1
letter-probability matrix: alength= 4 w= 10 nsites= 76 E= 0
 0.344864  0.247860  0.286377  0.120899
 0.075606  0.699001  0.199715  0.025678
 0.472183  0.527817  0.000000  0.000000
 0.000000  0.000000  1.000000  0.000000
 0.000000  0.000000  1.000000  0.000000
 0.988588  0.000000  0.011412  0.000000
 0.977175  0.000000  0.000000  0.022825
 0.206847  0.082739  0.697575  0.012839
 0.115549  0.255350  0.062767  0.566334
 0.194365  0.164408  0.431170  0.210057

MOTIF ELF2_f1
letter-probability matrix: alength= 4 w= 15 nsites= 9 E= 0
 0.027778  0.250000  0.138889  0.583333
 0.444444  0.000000  0.333333  0.222222
 0.222222  0.222222  0.333333  0.222222
 0.000000  0.777778  0.222222  0.000000
 0.777778  0.111111  0.111111  0.000000
 0.000000  0.000000  1.000000  0.000000
 0.000000  0.000000  1.000000  0.000000
 1.000000  0.000000  0.000000  0.000000
 1.000000  0.000000  0.000000  0.000000
 0.111111  0.000000  0.888889  0.000000
 0.000000  0.222222  0.222222  0.555556
 0.444444  0.000000  0.555556  0.000000
 0.444444  0.111111  0.333333  0.111111
 0.222222  0.333333  0.333333  0.111111
 0.111111  0.111111  0.222222  0.555556

MOTIF ELF3_f1
letter-probability matrix: alength= 4 w= 14 nsites= 14 E= 0
 0.142857  0.134921  0.523810  0.198413
 0.142857  0.063492  0.722222  0.071429
 0.142857  0.476190  0.380952  0.000000
 0.523810  0.134921  0.142857  0.198413
 0.587302  0.134921  0.000000  0.277778
 0.515873  0.206349  0.071429  0.206349
 0.134921  0.865079  0.000000  0.000000
 0.936508  0.000000  0.063492  0.000000
 0.000000  0.000000  1.000000  0.000000
 0.000000  0.000000  1.000000  0.000000
 1.000000  0.000000  0.000000  0.000000
 0.857143  0.000000  0.000000  0.142857
 0.515873  0.142857  0.341270  0.000000
 0.000000  0.444444  0.000000  0.555556

MOTIF ELF5_f1
letter-probability matrix: alength= 4 w= 11 nsites= 39 E= 0
 0.641026  0.025641  0.051282  0.282051
 0.307692  0.230769  0.076923  0.384615
 0.487179  0.282051  0.179487  0.051282
 0.615385  0.282051  0.076923  0.025641
 0.000000  0.000000  1.000000  0.000000
 0.000000  0.000000  1.000000  0.000000
 1.000000  0.000000  0.000000  0.000000
 0.666667  0.000000  0.000000  0.333333
 0.410256  0.102564  0.487179  0.000000
 0.076923  0.179487  0.025641  0.717949
 0.487179  0.076923  0.153846  0.282051

MOTIF ELK1_f1
letter-probability matrix: alength= 4 w= 9 nsites= 160 E= 0
 0.422644  0.139738  0.314384  0.123235
 0.169507  0.705356  0.096996  0.028141
 0.204030  0.702173  0.070182  0.023615
 0.020382  0.000000  0.919151  0.060467
 0.013254  0.000000  0.959269  0.027477
 0.955050  0.009051  0.000000  0.035899
 0.840887  0.000000  0.011638  0.147475
 0.262641  0.093780  0.623844  0.019736
 0.063283  0.223076  0.133515  0.580126

MOTIF ELK3_f1
letter-probability matrix: alength= 4 w= 12 nsites= 7 E= 0
 0.320755  0.396226  0.226415  0.056604
 0.358491  0.452830  0.094340  0.094340
 0.094340  0.905660  0.000000  0.000000
 0.415094  0.339623  0.000000  0.245283
 0.000000  0.000000  1.000000  0.000000
 0.000000  0.000000  1.000000  0.000000
 1.000000  0.000000  0.000000  0.000000
 0.716981  0.094340  0.000000  0.188679
 0.396226  0.000000  0.603774  0.000000
 0.000000  0.169811  0.000000  0.830189
 0.000000  0.452830  0.547170  0.000000
 0.023585  0.778302  0.174528  0.023585

MOTIF ELK4_f1
